1 34
4 64 33 34 67 70 72
5 58 33 34 65
7 56
8 64 33 34 67 71
9 58 33 34 67 72 59
13 58 33 34 66
14 60
15 62 33 34 67 72
16 64 34
17 58 67 33 34 65
20 64 34
21 58 72 33 34
22 60
23 62 33 34 65 72
24 64 34 67 72
25 58 33 34 65
26 60
27 62 33 34 65
29 58 33 34 67
30 60
31 62 33 34 65
32 64 33 34 67
33 58 33 34
34 60 65
35 62 33 34 67
36 64 33 34 67
37 58 33 34
40 64 33 34 65 67
41 67 58 33 34
43 62 33 34
45 58 33 34 65
49 58 33 34
51 62 33 34 65
53 58 33 34
56 64 34
57 58 33 34 67
60 57 65 72
61 58 33 34 67
62 60 65
63 62 33 34 65 67 69
64 64 34 72
65 58 65 33 34
69 58 33 34
72 64 71 33 34
73 58 33 34 65
77 58 33 34
79 62 33 34 69
81 58 33 34
89 58 33 34
90 60 65
92 64 34 65
93 58 33 34 67
97 58 72 33 34
98 62 33 34
101 58 65 33 34
103 62 70 33 34
105 58 33 34
107 62 70 33 34
109 58 33 34
111 62 70 33 34
117 58 33 34
121 58 33 34 65
125 58 33 34
128 64 65 34
129 58 33 34
133 58 33 34
135 62 33 34
137 58 33 34 72
139 62 67 33 34
145 58 33 34
147 62 67 33 34
148 64 33 34
150 60 65
152 64 67 33 34
153 58 33 34
155 62 33 34
156 64 34
157 58 33 34
161 58 33 34
166 57 61
169 65 58 67 33 34
173 58 33 34 67
177 58 33 34 67
178 60 64
179 62 33 34 65
