3 34
4 63 71 33 34
5 58 33
6 60 33 70
7 62 72 33
8 64 70 33 34
9 56 58 67 33
10 60 33
11 62 71 33 34
12 64 68 72 33 34
13 58 67 33
14 60 33 70
15 56 62 70 33
16 57 70 33 34
17 58
18 60 71 33
19 62 71 33
20 63 33 34
21 58 33
22 60 67 33
23 62 71 33 57
24 64 68 72
25 58 33
26 60 33
27 62 71 33
28 64 68 33 34
29 58
30 60 72 33
31 62
32 64 71 33 34
33 58 71
34 60
35 62 67 33
36 64 65 33 34
37 58 33
38 60 65 70 33
39 62 33
40 64 67 33 34
41 58 65 33
42 60 33
43 62 72 33 57
44 64 33 34
45 58
46 57 60
47 62
48 64 33 34
49 58 33
50 60 71
51 62 33
52 64
53 58
54 60 71 33
55 62 33
56 64 67 33 34
57 58 67 33
58 60 33 71
59 62
60 64 33 34 67
61 58 33
62 60 65 33
63 62 71 33
64 64 33 34
65 58
66 60 71 33
67 62 71 33
68 64 70 33 34
69 65 58 33
70 60 67 33
71 62 33
72 64 71
73 58
74 57 33
75 62
76 64 33 34
77 58 33
78 60 33 62
80 64 65 68 33 34
81 58 65 67 33
82 60 33
83 62 33
84 64 33 34
85 58 33
86 60 33
87 62 67 33
88 64 67 65 33 34
89 58 33
90 60 71 33
91 57 33
92 64 67 33 34
93 59 33
94 60 33
95 62 70 65 33
96 64
97 58 33
98 60 71 33
99 62 33
100 64 33 34
101 58 33
102 60 33
103 62 33
104 64 33 34 69
105 58 33
106 60
107 62 33
108 64 33 34
109 58
110 60 71
111 62 33 71
112 64
113 58
114 60 33
115 62 33
116 64 33 34
117 58 33
118 60 33
119 62 33
